00001 20241012140655 386863 219408836 10
00001 20241012141155 386863 249309758 10
00002 20241012141335 386863 259002568 15
00002 20241012141835 386863 288912801 15
00003 20241012141950 386863 296486493 20
00003 20241012142450 386863 326436865 20
00004 20241012142616 386863 334759198 25
00004 20241012143117 386863 364681387 25
00005 20241012143336 386863 378758365 30
00005 20241012143837 386863 408254254 30
00006 20241012143927 386863 413113942 35
00006 20241012144427 386863 443082110 35
00007 20241012144542 386863 450404800 40
00007 20241012145042 386863 479127156 40
00008 20241012145251 386863 491997587 50
00008 20241012145752 386863 522022607 50
00009 20241012145839 386863 526682236 60
00009 20241012150340 386863 553208869 60
00010 20241012150545 386863 565924207 70
00010 20241012151046 386863 595619972 70
00011 20241012151416 386863 615772904 80
00011 20241012151916 386863 645585875 80
00012 20241012152020 386863 652019249 90
00012 20241012152520 386863 681693873 90
00013 20241012152610 386863 686492005 105
00013 20241012153111 386863 716473033 105
00014 20241012153202 386863 721538079 120
00014 20241012153703 386863 746645169 120
00015 20241012153819 386863 754150508 135
00015 20241012154319 386863 784138780 135
00016 20241012154447 386863 792710244 150
00016 20241012154947 386863 822453326 150
00017 20241012155158 386863 833652172 165
00017 20241012155658 386863 862082053 165
00018 20241012155813 386863 869611388 180
00018 20241012160313 386863 898381944 180
00019 20241012160415 386863 904430141 200
00019 20241012160915 386863 934233172 200
00020 20241012161159 386863 949364744 225
00020 20241012161659 386863 978929568 225
00021 20241012161810 386863 985829087 250
00021 20241012162310 386863 1013018810 250
00022 20241012162439 386863 1021306194 275
00022 20241012162939 386863 1036371803 275
00023 20241012163100 386863 1036371803 300
00023 20241012163600 386864 1047565866 300
