00001 20250509032836 391825 270024338 10
00001 20250509033106 391825 277910179 10
00002 20250509033324 391825 285134085 15
00002 20250509033555 391825 293014534 15
00003 20250509033935 391825 304435205 20
00003 20250509034206 391825 312330787 20
00004 20250509034354 391825 317937894 25
00004 20250509034624 391825 325528090 25
00005 20250509034858 391825 332925751 30
00005 20250509035128 391825 340679909 30
00006 20250509035348 391825 347331380 35
00006 20250509035618 391825 355207523 35
00007 20250509035809 391825 360361003 40
00007 20250509040039 391825 368133597 40
00008 20250509040327 391825 374885609 50
00008 20250509040558 391825 382673383 50
00009 20250509040751 391825 387354910 60
00009 20250509041021 391825 395272702 60
00010 20250509041229 391825 401229916 70
00010 20250509041459 391825 409098102 70
00011 20250509041638 391825 413586913 80
00011 20250509041909 391825 421454179 80
00012 20250509042107 391825 426873144 90
00012 20250509042337 391825 434739198 90
00013 20250509042510 391825 437692047 105
00013 20250509042740 391825 445575952 105
00014 20250509042954 391825 450621040 120
00014 20250509043225 391825 458374199 120
00015 20250509043429 391825 463584232 135
00015 20250509043659 391825 471434129 135
00016 20250509043937 391825 477819102 150
00016 20250509044208 391825 485681144 150
00017 20250509044346 391825 488568322 165
00017 20250509044616 391825 496162559 165
00018 20250509044827 391825 501062158 180
00018 20250509045057 391825 508948019 180
00019 20250509045431 391825 518149088 200
00019 20250509045702 391825 526046066 200
00020 20250509050820 391825 558675393 225
00020 20250509051050 391825 566286296 225
00021 20250509051236 391825 569121503 250
00021 20250509051506 391825 577011015 250
00022 20250509052637 391825 609927779 275
00022 20250509052907 391825 617706470 275
00023 20250509053131 391825 622394773 300
00023 20250509053402 391825 630291444 300
00024 20250509053703 391825 637174631 325
00024 20250509053933 391825 644957624 325
00025 20250509054122 391825 648090106 350
00025 20250509054352 391825 655958982 350
00026 20250509054921 391825 667994549 400
00026 20250509055152 391825 675859526 400
