00001 20241125102250 388825 1976008 30
00001 20241125102750 388825 2124028 30
00002 20241125103028 388825 2188206 45
00002 20241125103529 388825 2337306 45
00003 20241125103829 388825 2410445 60
00003 20241125104329 388825 2558443 60
00004 20241125104630 388825 2627205 75
00004 20241125105130 388825 2775393 75
00005 20241125105308 388825 2807995 90
00005 20241125105809 388825 2955583 90
00006 20241125105950 388825 2991905 105
00006 20241125110450 388825 3140574 105
00007 20241125110713 388825 3195938 120
00007 20241125111214 388825 3344449 120
00008 20241125111410 388825 3386891 135
00008 20241125111910 388825 3535432 135
00009 20241125112240 388825 3623864 150
00009 20241125112740 388825 3772553 150
00010 20241125112939 388825 3820831 165
00010 20241125113439 388825 3969635 165
00011 20241125113636 388825 4006916 180
00011 20241125114137 388825 4155764 180
00012 20241125114418 388825 4221905 195
00012 20241125114919 388825 4370425 195
00013 20241125115219 388825 4438395 210
00013 20241125115719 388825 4587879 210
00014 20241125120229 388825 4724572 225
00014 20241125120730 388825 4872673 225
00015 20241125121224 388825 5002969 240
00015 20241125121725 388825 5152075 240
00016 20241125121951 388825 5213625 265
00016 20241125122452 388825 5361552 265
00017 20241125123702 388832 68328 280
00017 20241125124202 388832 217095 280
00018 20241125124355 388832 253258 300
00018 20241125124855 388832 401658 300
00019 20241125125552 388832 588796 325
00019 20241125130052 388832 736823 325
00020 20241125130421 388832 825081 350
00020 20241125130921 388832 973654 350
00021 20241125132953 388832 1540681 400
00021 20241125133453 388832 1689713 400
