436228133 170
436228134 215
436228137 220
436228138 265.5
436228141 195
436228142 220.5
436228145 190
436228149 185.675
436228150 222.095
436228153 220
436228154 201.38
436228165 192.735
436228166 211.46
436228169 224.5
436228170 196.115
436228173 188.65
436228174 230
436228177 236
436228178 206.68
436228181 185.205
436228182 229.5
436228185 220.5
436228186 213
436228197 200
436228198 180
436228201 215.5
436228202 252.5
436228205 185
436228206 236.5
436228209 236
436228210 258.5
436228213 200
436228214 246
436228217 236.5
436228218 215
436228229 184.8
436228230 227.64
436228233 183.78
436228234 215
436228237 192.035
436228238 215
436228241 187.375
436228242 210
436228245 187.185
436228246 200
436228249 185
436228250 210
436228261 220
436228262 190
436228265 180
436228266 201.68
436228269 215
436228270 189.325
436228273 209.06
436228274 190
436228277 205
436228278 185
436228281 210
436228282 215
436228293 193.525
436228294 220
436228297 174.895
436228298 195
436228301 235
436228302 210
436228305 185
436228306 220
436228309 231.05
436228310 225
436228313 185.03
436228314 225
436228325 205
436228326 225
436228329 230
436228330 230
436228333 205
436228334 190
436228337 225
436228338 230
436228341 250
436228342 185
436228345 215
436228346 225
436228357 194.5
436228358 193.23
436228361 210
436228365 185
436228366 181.5
436228369 230
436228370 210.5
436228373 199
436228377 210
436228378 257
436228389 261.5
436228390 240
436228393 240
436228394 180
436228397 259
436228398 235
436228401 210
436228402 185
436228405 190
436228406 240
436228409 220
436228410 180.835
436228421 190
436228422 175
436228425 200
436228426 235
436228429 175
436228430 210
436228433 225
436228434 210
436228437 190
436228438 190.775
436228441 190
436228442 210
436228453 220
436228454 166.24
436228457 213.885
436228458 189.31
436228461 215
436228462 166.05
436228465 219.5
436228466 225.5
436228469 210
436228470 237.5
436228473 238.5
436228474 242.5
436228485 220
436228486 190
436228489 213.925
436228490 215
436228493 240
436228494 183.895
436228497 230
436228498 210
436228501 235
436228502 191.26
436228505 205
436228506 205
436228517 190
436228518 210
436228521 215
436228522 230
436228525 185
436228526 165
436228529 180.84
436228530 240
436228533 170
436228534 240
436228537 187.08
436228538 230
436228549 213.5
436228550 169.84
436228553 210
436228554 230
436228557 220
436228558 207
436228561 181.135
436228562 210
436228565 230.665
436228566 190.115
436228569 180
436228570 220
436228581 265
436228582 210
436228585 225
436228586 205
436228589 250
436228590 210
436228593 215
436228594 200
436228597 255
436228598 225
436228601 218.99
436228602 205
436228613 235
436228614 227
436228617 244
436228618 190
436228621 240
436228622 218.665
436228625 195.635
436228626 180
436228629 220
436228630 217.76
436228633 193.935
436228634 185
436228646 195
436228649 220.5
436228650 247.98
436228653 195
436228654 195
436228657 249.25
436228661 180
436228662 180
436228665 261
436228677 192.551
436228678 193.5
436228681 208
436228685 161.496
436228686 182
436228689 212.5
436228690 263
436228693 199
436228694 191.14
436228697 232.5
436228698 255
436228709 247.5
436228710 240
436228713 210
436228714 180
436228717 251
436228718 240
436228721 225
436228722 180
436228725 262.5
436228726 235
436228729 220
436228730 165
436228741 196.5
436228742 232.5
436228745 230
436228746 215
436228749 171.465
436228750 210
436228753 225
436228754 210
436228757 178.653
436228758 210
436228761 190
436228762 215
436228773 210
436228774 230
436228777 200
436228778 210
436228781 262
436228782 198.23
436228785 226.5
436228786 202.48
436228789 249.29
436228790 212.71
436228793 215
436228794 213.58
436228805 220
436228806 234.5
436228809 227
436228810 200
436228813 225
436228814 197.765
436228817 215
436228818 200
436228821 225
436228822 184.335
436228825 230.5
436228826 198.355
436228837 200
436228838 244.5
436228841 256
436228845 185
436228849 211.5
436228850 267
436228853 185.39
436228854 235
436228857 215
436228858 236.4
436228869 242.1
436228873 220
436228874 228.395
436228877 242.74
436228881 210
436228882 239.25
436228885 213.5
436228886 210
436228889 210
436228890 217.49
436228901 180
436228902 180.5
436228905 230
436228906 200
436228909 174.295
436228913 190
436228914 210
436228917 170
436228918 174.64
436228921 190
436228922 220
436228933 230
436228934 214
436228937 244.5
436228938 210
436228941 230
436228942 220
436228945 235.71
436228949 225
436228950 220.85
436228953 214.5
436228965 230.5
436228966 220
436228969 207
436228973 220.5
436228974 215
436228977 257
436228981 226
436228985 214.275
436228986 183.47
436228997 221.235
436228998 205
436229001 185
436229002 225
436229005 220
436229006 215
436229009 180
436229010 225
436229013 225
436229014 215
436229017 180
436229018 225
436229029 225
436229030 215
436229033 190
436229034 225
436229037 225
436229038 205
436229041 215
436229042 230
436229045 220
436229046 205
436229049 225
436229050 230
436229061 260
436229062 205
436229065 230
436229066 215
436229069 255
436229070 200
436229073 200
436229074 210
436229077 199.935
436229078 220
436229081 197.445
436229082 210
436229093 190
436229094 195.775
436229097 190
436229098 200
436229101 190
436229102 235
436229105 185
436229106 200
436229109 190
436229110 200
436229113 185
436229114 195
436229125 190
436229126 181.388
436229129 220
436229133 180.4
436229134 186.355
436229137 210
436229141 180
436229142 194
436229145 195
436229146 180.75
436229157 185
436229158 220.685
436229161 215
436229162 225
436229165 220
436229166 234.385
436229169 220
436229170 210
436229173 204
436229174 202.35
436229177 210
436229178 215
436229189 223.615
436229190 225
436229193 250
436229194 190
436229197 216.111
436229198 231
436229201 229.055
436229202 190
436229205 230
436229206 220
436229209 241.335
436229210 180
436229221 220
436229222 230
436229225 170
436229226 190
436229229 222.149
436229230 158.43
436229233 189.105
436229234 200
436229237 225
436229238 233.5
436229241 219.38
436229242 200
436229253 200
436229254 172.605
436229257 195
436229258 190
436229261 200
436229262 180
436229265 210.5
436229266 250
436229269 200
436229270 175
436229273 120.435
436229274 195
436229285 220
436229286 224
436229289 216.5
436229290 233.725
436229293 215
436229294 237
436229297 223.5
436229298 220.5
436229301 215
436229302 236.5
436229305 216
436229306 220.5
436229317 205
436229318 225
436229321 220
436229322 225
436229325 225
436229326 215
436229329 220
436229330 230
436229333 210
436229334 220
436229337 225
436229338 225
436229349 200
436229350 210
436229353 220
436229354 220
436229357 210
436229358 240
436229361 180
436229362 175
436229365 214.15
436229366 237
436229369 213.185
436229370 180
436229381 170
436229382 193.5
436229385 190
436229386 268
436229389 180
436229390 182.745
436229393 195
436229394 227.4
436229397 186.535
436229398 188.625
436229401 200
436229402 209.62
436229413 230
436229414 210
436229417 220
436229421 206.505
436229422 235
436229425 225
436229426 222.675
436229429 210
436229430 210
436229433 211.69
436229434 255
436229445 210
436229446 220
436229449 195
436229450 239
436229453 205
436229454 190
436229457 210
436229458 239.5
436229461 183.585
436229462 185
436229465 215
436229466 240
436232229 248.5
436232230 180
436232233 218
436232234 230
436232237 264.5
436232238 170
436232241 220
436232242 225
436232245 258.5
436232246 185
436232249 219
436232250 235
436232261 261.5
436232262 180
436232265 218
436232266 225
436232269 272.5
436232270 180
436232273 227
436232274 199.995
436232277 182.615
436232278 180
436232281 222
436232282 187.41
436232293 238
436232294 185
436232297 214.5
436232298 221.5
436232301 219.5
436232302 185
436232305 247.5
436232306 200
436232309 260.5
436232310 205
436232313 221
436232314 200
436232325 225
436232326 220
436232329 210
436232330 225
436232333 208.99
436232334 210
436232337 200
436232338 235
436232341 210.5
436232342 225
436232345 225
436232346 230
436232357 177.17
436232358 210
436232361 215
436232362 190
436232365 175
436232366 205
436232369 215
436232370 178.385
436232373 180
436232374 205
436232377 215
436232378 190
436232389 165
436232390 195
436232393 190
436232394 200
436232397 189.28
436232398 195
436232401 170
436232402 195
436232405 190
436232406 190
436232409 195
436232410 186
436232421 258
436232422 205
436232425 242
436232426 215
436232429 242.5
436232430 215
436232433 242.5
436232434 225
436232437 270.5
436232438 205
436232441 243.5
436232442 215
436232453 255
436232454 205
436232457 240
436232458 220
436232461 255
436232462 200
436232465 234.5
436232466 225
436232469 255
436232470 205
436232473 231
436232474 225
436232485 227
436232486 192.495
436232489 221.5
436232490 190
436232493 231.725
436232494 190.4
436232497 220
436232498 210.5
436232501 253.38
436232502 191.12
436232505 220.5
436232506 212
436232517 200
436232518 212.82
436232521 180
436232522 155
436232525 200
436232529 200
436232530 170
436232533 200
436232534 215
436232537 173.54
436232538 175
436232549 188.3
436232550 190
436232553 200
436232554 200
436232557 181.81
436232558 200
436232561 200
436232562 193.855
436232565 195
436232566 195
436232569 190
436232570 185
436232581 210
436232582 225
436232585 222
436232586 227.5
436232589 225
436232590 211.55
436232593 231
436232594 220.5
436232597 210
436232598 236
436232601 212.735
436232602 217.4
436232613 200
436232614 210
436232617 200
436232618 155
436232621 215
436232622 210
436232625 165.896
436232626 180
436232629 230
436232630 220
436232633 200
436232634 180
436232645 240.5
436232646 218
436232649 243.5
436232650 200
436232653 272
436232654 211
436232657 241.5
436232658 200
436232661 244
436232662 221
436232665 240.5
436232666 195
436232677 230
436232681 230
436232682 235.735
436232685 226.58
436232686 247
436232690 238.5
436232693 225
436232694 231
436232697 230
436232698 202.8
436232709 220
436232710 270
436232714 222.5
436232717 226.38
436232718 268
436232721 213
436232722 232.5
436232725 230
436232726 228.77
436232729 217
436232730 222.19
436232741 249
436232742 210
436232745 230
436232746 215
436232749 215
436232750 230
436232753 234.5
436232757 200
436232761 220
436232762 210
436232773 220
436232774 258.5
436232777 230
436232778 220
436232781 264.5
436232782 210
436232785 220
436232786 230
436232789 230
436232790 245
436232793 245
436232794 210
436232806 210
436232809 220
436232810 245
436232813 250
436232814 220
436232821 240
436232822 217
436232825 230
436232826 210.5
436232837 231.5
436232838 185
436232841 225
436232842 214.311
436232845 241
436232846 185
436232849 221
436232850 225
436232853 230.5
436232854 185
436232857 216.5
436232858 230
436232869 200
436232870 165.72
436232873 190
436232874 220
436232877 192.37
436232878 175
436232881 185
436232882 225
436232885 180
436232886 206.945
436232889 178.515
436232890 230
436232901 190
436232902 190
436232905 180.11
436232906 200
436232909 170
436232910 195
436232913 190
436232914 171.055
436232917 190
436232918 190
436232921 185
436232922 155
436232933 265
436232934 225
436232937 213.465
436232938 230.5
436232941 234.285
436232942 215
436232945 213.305
436232946 226.5
436232949 216.8
436232950 210
436232953 222.5
436232954 223
436232965 204.61
436232966 235
436232969 191.445
436232970 190
436232973 205
436232974 230
436232977 192.52
436232978 185
436232981 220
436232982 235
436232985 205.575
436232986 190
436232997 220
436232998 225
436233001 195
436233002 175
436233005 220
436233006 225
436233009 186.69
436233010 190
436233013 200
436233014 215
436233017 183.045
436233018 190
436233029 255
436233030 210
436233033 222
436233034 215
436233037 245
436233038 197.97
436233041 229.5
436233042 220
436233045 250
436233046 190.31
436233049 216.5
436233050 220
436233061 250
436233062 178.37
436233065 225.5
436233066 215
436233069 255
436233070 186.855
436233073 197
436233074 170
436233077 180
436233078 171.66
436233081 230
436233082 220
436233093 185
436233094 185
436233097 180
436233098 195
436233101 170
436233102 190
436233105 180
436233106 200
436233109 200
436233110 190
436233113 194.09
436233114 185
436233125 200
436233126 235
436233129 215
436233130 200
436233133 205
436233134 230
436233137 210
436233138 200
436233141 223.69
436233142 235
436233145 200.63
436233146 200
436233157 180
436233158 205
436233161 220
436233162 191.925
436233165 171.27
436233166 215
436233169 215
436233170 191.305
436233173 180
436233174 200
436233177 215
436233178 190
436233189 200
436233190 195
436233193 253
436233194 176.32
436233197 200
436233198 212.075
436233201 180
436233202 241.98
436233205 190
436233206 225
436233209 170
436233210 125.5
436233221 228
436233222 261
436233226 220
436233229 210
436233230 277
436233233 220
436233234 220
436233237 215
436233238 260.5
436233241 210
436233242 200
436233253 212
436233254 205
436233257 253
436233258 225
436233261 250
436233262 215
436233265 238
436233266 220
436233269 255
436233270 220
436233273 224.5
436233274 215
436233285 250
436233286 215
436233289 185
436233290 245
436233293 175
436233294 210
436233297 235
436233298 240
436233301 170
436233302 210
436233305 210
436233306 240
436233317 245
436233318 177.685
436233321 199.449
436233322 215
436233325 250
436233326 181.52
436233329 191.123
436233330 225
436233333 245
436233334 190
436233337 217
436233338 225
436233349 175
436233353 210
436233354 185.21
436233357 170
436233358 190
436233361 190
436233362 189
436233365 170
436233366 190
436233369 200
436233381 175
436233382 205
436233385 205
436233386 245
436233389 180
436233390 215
436233393 220
436233394 240
436233397 180
436233398 205
436233401 220
436233402 183.425
436233413 190
436233414 200
436233417 200
436233418 185.98
436233421 190
436233422 225
436233425 185
436233426 210
436233429 200
436233430 225
436233433 170
436233434 187
436233445 233.23
436233446 220
436233449 220
436233450 232
436233453 256
436233454 220
436233457 200
436233458 206.5
436233461 205.5
436233462 215
436233465 230
436233466 229.5
436233477 218
436233478 245
436233481 171.481
436233482 190
436233485 231
436233486 255
436233489 215
436233490 200
436233493 235
436233494 255
436233497 225
436233498 214.155
436233509 200
436233510 235
436233513 185
436233517 181.5
436233518 230
436233521 185
436233522 186.195
436233525 190
436233526 220
436233529 180
436233530 181.05
436233541 190.81
436233542 210
436233545 190
436233546 240
436233549 180
436233550 210
436233553 183.28
436233554 245
436233557 180
436233558 210
436233561 175.205
436233562 240
