470177449
470177958
470176941
470177450
470176942
470440105
470177961
470177453
470177962
470177454
470440109
470177965
470177966
470442661
470180517
470442662
470180518
470443173
470181029
470442665
470180521
470181030
470180522
470443685
470181541
470443177
470443686
470181033
470181542
470443178
470181034
470444197
470182053
470181545
470182054
470443690
470181546
470182057
470182058
470440101
470444198
470440102
470443174
470443689
470439593
470439594
470444201
470439085
470439086
470439597
470444202
470440106
470439598
470442666
470438574
470438573
470440110
470176430
470438309
470176165
470438310
470176166
470438821
470176677
470438313
470438822
470176169
470176678
470438314
470176170
470439333
470177189
470438825
470439334
470176681
470177190
470176173
470438826
470176682
470439845
470177701
470439337
470177193
470177702
470176685
470177194
470176686
470177705
470177197
470177706
470177198
470177709
470177710
470180261
470180262
470442917
470180773
470442409
470180265
470180774
470442410
470180266
470443429
470181285
470442921
470443430
470180777
470181286
470176938
470442922
470180778
470443941
470181797
470443433
470443942
470181289
470181798
470181290
470181801
470181802
470442405
470439846
470442406
470442918
470443945
470439338
470439849
470443946
470439341
470438829
470439850
470439342
470439853
470439854
470443434
470438318
470438317
470438830
470176174
470438565
470176421
470438566
470176422
470439077
470176933
470438569
470439078
470176425
470176934
470438570
470176426
470439589
470177445
470439081
470439590
470176937
470177446
470176429
470439082
470177957
